$ANSIBLE_VAULT;1.1;AES256
61623630636439333930383737346339336231623663666134353834633137343239386332613464
3730393634333536613032363032653266646431386239300a366333383662393536386564633362
66303732633063623835383639363531353430656534326666383836386166363666653230633535
3530663635666561660a326464373131353064303731306565616334623664636637343562353536
63663636346462616265666533643635386236366563353963656465646136653032623332383564
64303636356363326133623130383836656466633130376362613331353464633732653534316630
39643663396566373236623435333562656436393762353630643531353965636434393439353239
63386266616361373134663631316437656239373638346235343562303534653962383030613566
61356538346536636262653738386639383135386334353834333630666236616535633238323832
36366165653335653165363539353637633837323833623739346364316635383335373334353938
31353235616661666537666338313166633131626338326332366664353434396238653064643061
64363832376365303033373334303734326365633166373837393533666661363165333932666236
37326561393165656664353739646336303234633831643737663837393361653464356235303563
33663831666633376639663831376536666664353566306561373964636363373635383936343766
38313064333239613139656430613962626338353937336338643938373162323435386235353335
65353931333164306137353131663335656131363339613434393535633637613338666336353061
34363532393439393339316464656235353761376665383637373631313363303961323033306230
63386233623530663262366563633664323036336138663631363766316333636164626665343562
30633362303865316632343731313734653938316362353562633066623436616339356333386536
61326632366630653232333432326264653263663363633366666336653532623266396131313362
65346235616466376138363535343831313339323864313865633136313562663838376334623037
61643531333166643964383766306661376534306433366536373138393831346463636532316262
31646137616136336539336339633831333661313632323834633563653930326665366532616163
64393865386232343736313638393562636637613961376162396339666433303736626339666431
36333633336439393262393338336635396636633934623737363239613561386632623035383033
35366165646137333133313130343766663163383436333765623962393666333636653839666439
36336438383536623131303934386665393631616465373330306239313633303064653731303132
61353739323930653463373832386330633938336337353434333834613737653066626439303735
36643634633062663730313265633437326639653863363664383035633463663266623630313832
62653361386230616263633161366636393661366666326635373162663034333764336331346139
62383464353764346437333632343332323030396464646136346362343361626636663137306561
63356561386536666630366263643264353162663635656362366364626335303264356534353034
39373164383238633865353136363936343236396264663137386631336434663962373835383165
30363436666336646363333431336130393164333231313534613262396532616236336334653864
38636165653135643162326566303639646164363762363334653766623535353739656238616331
36653162336133613438626237373963623364633866623634623034633337656164373237396530
62323762613433383565343034376436616231366133323439633730356538613332383430383934
64323665303034313134613366343533323962646131363737306432373166373431386631333238
34613130643161613635366132363964363236616539333237303762323565333535373163373565
39386133373561623563303966336438343032343535333431356361323864656430333962303630
37616133636264643164373230363033323437643236356530626664323430343463613461313461
30323938383431333238666635393733653638343664376465363335383738613133613231363435
34346139316333613032306230656664383038336437303162626531313535336136326362323336
65343534363363303431356436396536636165386533393365326237386661306330663539363935
64333031643739306134353934613961656336323836393063623665613530616166393730613035
31666234363331633061623864336435373136613832303361636161626630633630343438336161
66313438636366636466626335356232396531383032366630616538633232363964396538663565
35383532616130326132333135363536323533333163633264303637323838326334373266346561
6235
